--- "/home/lemon/robot_ros_application/catkin_ws/src/ros_actions_node/scripts/\346\221\207\345\244\264.py"	2023-09-19 17:21:58.265438960 +0800
+++ /home/lemon/robot_ros_application/catkin_ws/src/ros_actions_node/scripts/week1_custom_shake.py	2026-05-25 18:32:46.683510909 +0800
@@ -9,7 +9,8 @@
     node_initial()
 
     try:
-        shake_head_frames = [([0,0,0,0,0,0,0,0,0,0,0,0,0,-61,-18,0,61,18,0,0,0,0],1000,0),([0,0,0,0,0,0,0,0,0,0,0,0,7,-49,-24,7,49,24,0,0,-24,0],400,200),([0,0,0,0,0,0,0,0,0,0,0,0,-7,-49,-24,-7,49,24,0,0,24,0],600,300),([0,0,0,0,0,0,0,0,0,0,0,0,7,-49,-24,7,49,24,0,0,-24,0],600,300),([0,0,0,0,0,0,0,0,0,0,0,0,0,-61,-18,0,61,18,0,0,0,0],500,0)]
+	print("Week1 custom motion test: modified shake head amplitude")
+        shake_head_frames = [([0,0,0,0,0,0,0,0,0,0,0,0,0,-40,-18,0,40,18,0,0,0,0],1000,0),([0,0,0,0,0,0,0,0,0,0,0,0,7,-49,-24,7,49,24,0,0,-24,0],400,200),([0,0,0,0,0,0,0,0,0,0,0,0,-7,-49,-24,-7,49,24,0,0,24,0],600,300),([0,0,0,0,0,0,0,0,0,0,0,0,7,-49,-24,7,49,24,0,0,-24,0],600,300),([0,0,0,0,0,0,0,0,0,0,0,0,0,-61,-18,0,61,18,0,0,0,0],500,0)]
         client_action.action(shake_head_frames)
         rospy.signal_shutdown("done")
         rospy.spin()
@@ -19,4 +20,4 @@
         serror(err)
 
 if __name__ == '__main__':
-    main()
\ No newline at end of file
+    main()
